16
0 54 63 93 3 6 34 69 71 48 49 10 51 53 47 47 
54 0 53 82 77 17 66 35 83 5 97 94 23 57 38 58 
63 53 0 67 99 71 58 37 96 30 58 96 79 95 12 24 
93 82 67 0 96 27 42 95 100 9 99 62 30 75 47 78 
3 77 99 96 0 15 1 41 15 66 26 44 28 89 79 83 
6 17 71 27 15 0 12 16 28 60 24 16 75 98 15 18 
34 66 58 42 1 12 0 28 99 6 13 51 62 56 96 24 
69 35 37 95 41 16 28 0 62 25 44 60 78 33 38 30 
71 83 96 100 15 28 99 62 0 86 8 100 9 9 36 58 
48 5 30 9 66 60 6 25 86 0 9 28 26 75 80 100 
49 97 58 99 26 24 13 44 8 9 0 100 87 70 68 82 
10 94 96 62 44 16 51 60 100 28 100 0 43 47 66 27 
51 23 79 30 28 75 62 78 9 26 87 43 0 31 60 2 
53 57 95 75 89 98 56 33 9 75 70 47 31 0 15 96 
47 38 12 47 79 15 96 38 36 80 68 66 60 15 0 64 
47 58 24 78 83 18 24 30 58 100 82 27 2 96 64 0 
