16
0 13 43 100 73 27 62 14 30 87 18 9 50 76 29 80 
13 0 34 31 68 10 16 100 70 78 29 77 7 14 12 49 
43 34 0 98 92 20 22 22 22 13 18 16 17 16 70 26 
100 31 98 0 4 10 24 54 10 32 15 14 29 44 49 54 
73 68 92 4 0 9 70 100 75 68 56 32 63 11 18 60 
27 10 20 10 9 0 36 13 99 10 77 82 56 40 3 15 
62 16 22 24 70 36 0 73 9 28 60 33 32 26 86 29 
14 100 22 54 100 13 73 0 91 82 90 50 50 67 97 67 
30 70 22 10 75 99 9 91 0 51 53 54 56 54 92 73 
87 78 13 32 68 10 28 82 51 0 21 88 94 61 81 89 
18 29 18 15 56 77 60 90 53 21 0 96 85 91 20 68 
9 77 16 14 32 82 33 50 54 88 96 0 6 30 66 16 
50 7 17 29 63 56 32 50 56 94 85 6 0 28 83 23 
76 14 16 44 11 40 26 67 54 61 91 30 28 0 65 13 
29 12 70 49 18 3 86 97 92 81 20 66 83 65 0 11 
80 49 26 54 60 15 29 67 73 89 68 16 23 13 11 0 
